      1  0.18750000E-02  0.83333336E-01  0.45733240E-01  0.13719973E+01
      2  0.18750000E-02  0.83333336E-01  0.39642852E-01  0.11892856E+01
      3  0.18750000E-02  0.83363205E-01  0.36606330E-01  0.10977914E+01
      4  0.18750000E-02  0.83471393E-01  0.34413469E-01  0.10306931E+01
      5  0.18750000E-02  0.83852793E-01  0.33049839E-01  0.98523991E+00
      6  0.18750000E-02  0.84167901E-01  0.32225964E-01  0.95703105E+00
      7  0.18750000E-02  0.84351109E-01  0.31635568E-01  0.93742920E+00
      8  0.18750000E-02  0.85348535E-01  0.31768512E-01  0.93006121E+00
      9  0.18750000E-02  0.89714757E-01  0.33810884E-01  0.93980207E+00
     10  0.18750000E-02  0.10324920E+00  0.41025121E-01  0.98559501E+00
     11  0.18750000E-02  0.12554612E+00  0.54039921E-01  0.10652332E+01
     12  0.18750000E-02  0.14548775E+00  0.66582572E-01  0.11348193E+01
     13  0.18750000E-02  0.15950000E+00  0.75890406E-01  0.11811865E+01
     14  0.18750000E-02  0.17162235E+00  0.84283759E-01  0.12209877E+01
     15  0.18750000E-02  0.18200068E+00  0.91685362E-01  0.12547404E+01
     16  0.18750000E-02  0.19090825E+00  0.98178336E-01  0.12824181E+01
     17  0.18750000E-02  0.19880202E+00  0.10401259E+00  0.13048654E+01
     18  0.18750000E-02  0.20615431E+00  0.10950998E+00  0.13240503E+01
     19  0.18750000E-02  0.21334701E+00  0.11493213E+00  0.13417616E+01
     20  0.18750000E-02  0.22103347E+00  0.12077010E+00  0.13601700E+01
     21  0.18750000E-02  0.22964884E+00  0.12740170E+00  0.13807088E+01
     22  0.18750000E-02  0.23897257E+00  0.13468921E+00  0.14026675E+01
     23  0.18750000E-02  0.24867066E+00  0.14239402E+00  0.14250970E+01
     24  0.18750000E-02  0.25868200E+00  0.15048512E+00  0.14478584E+01
     25  0.18750000E-02  0.26890697E+00  0.15889226E+00  0.14706296E+01
     26  0.18750000E-02  0.27909156E+00  0.16741173E+00  0.14928877E+01
     27  0.18750000E-02  0.28884755E+00  0.17569367E+00  0.15137646E+01
     28  0.18750000E-02  0.29790053E+00  0.18346822E+00  0.15328073E+01
     29  0.18750000E-02  0.30615320E+00  0.19061485E+00  0.15499042E+01
     30  0.18750000E-02  0.31372805E+00  0.19721785E+00  0.15653501E+01
     31  0.18750000E-02  0.32092829E+00  0.20354125E+00  0.15797643E+01
     32  0.18750000E-02  0.32811706E+00  0.20991469E+00  0.15938403E+01
     33  0.18750000E-02  0.33559702E+00  0.21662441E+00  0.16081932E+01
     34  0.18750000E-02  0.34351114E+00  0.22381150E+00  0.16230938E+01
     35  0.18750000E-02  0.35182739E+00  0.23145603E+00  0.16385095E+01
     36  0.18750000E-02  0.36041513E+00  0.23943758E+00  0.16541820E+01
     37  0.18750000E-02  0.36912280E+00  0.24761364E+00  0.16698778E+01
     38  0.18750000E-02  0.37783196E+00  0.25586268E+00  0.16853977E+01
     39  0.18750000E-02  0.38643929E+00  0.26408148E+00  0.17005996E+01
     40  0.18750000E-02  0.39491479E+00  0.27223555E+00  0.17154482E+01
     41  0.18750000E-02  0.40321141E+00  0.28027544E+00  0.17298967E+01
     42  0.18750000E-02  0.41134414E+00  0.28821195E+00  0.17439640E+01
     43  0.18750000E-02  0.41932340E+00  0.29605686E+00  0.17576684E+01
     44  0.18750000E-02  0.42720013E+00  0.30385659E+00  0.17710494E+01
     45  0.18750000E-02  0.43500586E+00  0.31164525E+00  0.17841397E+01
     46  0.18750000E-02  0.44277245E+00  0.31945477E+00  0.17969584E+01
     47  0.18750000E-02  0.45051306E+00  0.32729763E+00  0.18095010E+01
     48  0.18750000E-02  0.45822625E+00  0.33517301E+00  0.18217772E+01
     49  0.18750000E-02  0.46591367E+00  0.34307834E+00  0.18338037E+01
     50  0.18750000E-02  0.47358088E+00  0.35101802E+00  0.18456310E+01
     51  0.18750000E-02  0.48123297E+00  0.35899633E+00  0.18573163E+01
     52  0.18750000E-02  0.48889890E+00  0.36703893E+00  0.18689380E+01
     53  0.18750000E-02  0.49657952E+00  0.37514735E+00  0.18805482E+01
     54  0.18750000E-02  0.50428747E+00  0.38333203E+00  0.18921707E+01
     55  0.18750000E-02  0.51202687E+00  0.39159818E+00  0.19038084E+01
     56  0.18750000E-02  0.51978137E+00  0.39992980E+00  0.19154206E+01
     57  0.18750000E-02  0.52753694E+00  0.40831139E+00  0.19269618E+01
     58  0.18750000E-02  0.53527145E+00  0.41671845E+00  0.19383742E+01
     59  0.18750000E-02  0.54294716E+00  0.42511061E+00  0.19495830E+01
     60  0.18750000E-02  0.55055443E+00  0.43347385E+00  0.19605575E+01
     61  0.18750000E-02  0.55806002E+00  0.44177008E+00  0.19712545E+01
     62  0.18750000E-02  0.56546750E+00  0.44999919E+00  0.19816802E+01
     63  0.18750000E-02  0.57277647E+00  0.45815937E+00  0.19918491E+01
     64  0.18750000E-02  0.58000609E+00  0.46627072E+00  0.20018038E+01
     65  0.18750000E-02  0.58718379E+00  0.47436392E+00  0.20116011E+01
     66  0.18750000E-02  0.59434085E+00  0.48247411E+00  0.20213014E+01
     67  0.18750000E-02  0.60150566E+00  0.49063561E+00  0.20309605E+01
     68  0.18750000E-02  0.60870542E+00  0.49887973E+00  0.20406212E+01
     69  0.18750000E-02  0.61595614E+00  0.50722523E+00  0.20503118E+01
     70  0.18750000E-02  0.62325392E+00  0.51566788E+00  0.20600276E+01
     71  0.18750000E-02  0.63059567E+00  0.52420263E+00  0.20697541E+01
     72  0.18750000E-02  0.63795068E+00  0.53279464E+00  0.20794478E+01
     73  0.18750000E-02  0.64529451E+00  0.54141294E+00  0.20890627E+01
     74  0.18750000E-02  0.65260193E+00  0.55002599E+00  0.20985598E+01
     75  0.18750000E-02  0.65983951E+00  0.55859276E+00  0.21078952E+01
     76  0.18750000E-02  0.66700233E+00  0.56710322E+00  0.21170553E+01
     77  0.18750000E-02  0.67407672E+00  0.57554101E+00  0.21260307E+01
     78  0.18750000E-02  0.68106940E+00  0.58391156E+00  0.21348320E+01
     79  0.18750000E-02  0.68799620E+00  0.59223347E+00  0.21434869E+01
     80  0.18750000E-02  0.69487128E+00  0.60052477E+00  0.21520222E+01
     81  0.18750000E-02  0.70171749E+00  0.60881385E+00  0.21604713E+01
     82  0.18750000E-02  0.70855671E+00  0.61712908E+00  0.21688660E+01
     83  0.18750000E-02  0.71540152E+00  0.62548813E+00  0.21772266E+01
     84  0.18750000E-02  0.72226557E+00  0.63390787E+00  0.21855681E+01
     85  0.18750000E-02  0.72914995E+00  0.64239033E+00  0.21938939E+01
     86  0.18750000E-02  0.73605017E+00  0.65092934E+00  0.22021970E+01
     87  0.18750000E-02  0.74295796E+00  0.65951268E+00  0.22104659E+01
     88  0.18750000E-02  0.74985540E+00  0.66811654E+00  0.22186806E+01
     89  0.18750000E-02  0.75672905E+00  0.67672128E+00  0.22268237E+01
     90  0.18750000E-02  0.76356442E+00  0.68530692E+00  0.22348796E+01
     91  0.18750000E-02  0.77034927E+00  0.69385632E+00  0.22428351E+01
     92  0.18750000E-02  0.77707870E+00  0.70236207E+00  0.22506865E+01
     93  0.18750000E-02  0.78375183E+00  0.71082192E+00  0.22584343E+01
     94  0.18750000E-02  0.79037138E+00  0.71923896E+00  0.22660840E+01
     95  0.18750000E-02  0.79694360E+00  0.72762171E+00  0.22736447E+01
     96  0.18750000E-02  0.80347565E+00  0.73598001E+00  0.22811244E+01
     97  0.18750000E-02  0.80997569E+00  0.74432524E+00  0.22885333E+01
     98  0.18750000E-02  0.81644930E+00  0.75266547E+00  0.22958782E+01
     99  0.18750000E-02  0.82289877E+00  0.76100448E+00  0.23031623E+01
    100  0.18750000E-02  0.82932570E+00  0.76934475E+00  0.23103880E+01
    101  0.18750000E-02  0.83572697E+00  0.77768254E+00  0.23175536E+01
    102  0.18750000E-02  0.84209791E+00  0.78601151E+00  0.23246557E+01
    103  0.18750000E-02  0.84843309E+00  0.79432324E+00  0.23316910E+01
    104  0.18750000E-02  0.85472494E+00  0.80260671E+00  0.23386554E+01
    105  0.18750000E-02  0.86096666E+00  0.81085134E+00  0.23455450E+01
    106  0.18750000E-02  0.86715087E+00  0.81904587E+00  0.23523556E+01
    107  0.18750000E-02  0.87327055E+00  0.82717947E+00  0.23590836E+01
    108  0.18750000E-02  0.87931992E+00  0.83524267E+00  0.23657252E+01
    109  0.18750000E-02  0.88529153E+00  0.84322457E+00  0.23722755E+01
    110  0.18750000E-02  0.89117829E+00  0.85111456E+00  0.23787284E+01
    111  0.18750000E-02  0.89697278E+00  0.85890156E+00  0.23850766E+01
    112  0.18750000E-02  0.90266576E+00  0.86657242E+00  0.23913117E+01
    113  0.18750000E-02  0.90824766E+00  0.87411286E+00  0.23974233E+01
    114  0.18750000E-02  0.91370839E+00  0.88150806E+00  0.24034008E+01
    115  0.18750000E-02  0.91903721E+00  0.88874237E+00  0.24092335E+01
    116  0.18750000E-02  0.92422390E+00  0.89580038E+00  0.24149101E+01
    117  0.18750000E-02  0.92925883E+00  0.90266736E+00  0.24204212E+01
    118  0.18750000E-02  0.93413334E+00  0.90932976E+00  0.24257586E+01
    119  0.18750000E-02  0.93883989E+00  0.91577538E+00  0.24309151E+01
    120  0.18750000E-02  0.94337197E+00  0.92199353E+00  0.24358851E+01
    121  0.18750000E-02  0.94772429E+00  0.92797525E+00  0.24406640E+01
    122  0.18750000E-02  0.95189278E+00  0.93371319E+00  0.24452481E+01
    123  0.18750000E-02  0.95587402E+00  0.93920110E+00  0.24496347E+01
    124  0.18750000E-02  0.95966536E+00  0.94443387E+00  0.24538214E+01
    125  0.18750000E-02  0.96326493E+00  0.94940739E+00  0.24578060E+01
    126  0.18750000E-02  0.96667134E+00  0.95411843E+00  0.24615872E+01
    127  0.18750000E-02  0.96988369E+00  0.95856459E+00  0.24651635E+01
    128  0.18750000E-02  0.97290189E+00  0.96274460E+00  0.24685341E+01
    129  0.18750000E-02  0.97572663E+00  0.96665834E+00  0.24716993E+01
    130  0.18750000E-02  0.97835938E+00  0.97030688E+00  0.24746597E+01
    131  0.18750000E-02  0.98080254E+00  0.97369272E+00  0.24774174E+01
    132  0.18750000E-02  0.98305960E+00  0.97682002E+00  0.24799751E+01
    133  0.18750000E-02  0.98513504E+00  0.97969444E+00  0.24823371E+01
    134  0.18750000E-02  0.98703433E+00  0.98232317E+00  0.24845082E+01
    135  0.18750000E-02  0.98876389E+00  0.98471491E+00  0.24864946E+01
    136  0.18750000E-02  0.99033097E+00  0.98687955E+00  0.24883033E+01
    137  0.18750000E-02  0.99174343E+00  0.98882804E+00  0.24899420E+01
    138  0.18750000E-02  0.99300969E+00  0.99057213E+00  0.24914189E+01
    139  0.18750000E-02  0.99413851E+00  0.99212415E+00  0.24927428E+01
    140  0.18750000E-02  0.99513888E+00  0.99349680E+00  0.24939229E+01
    141  0.18750000E-02  0.99601993E+00  0.99470297E+00  0.24949683E+01
    142  0.18750000E-02  0.99679081E+00  0.99575562E+00  0.24958887E+01
    143  0.18750000E-02  0.99746063E+00  0.99666768E+00  0.24966935E+01
    144  0.18750000E-02  0.99803835E+00  0.99745187E+00  0.24973921E+01
    145  0.18750000E-02  0.99853280E+00  0.99812070E+00  0.24979940E+01
    146  0.18750000E-02  0.99895252E+00  0.99868628E+00  0.24985084E+01
    147  0.18750000E-02  0.99930576E+00  0.99916030E+00  0.24989443E+01
    148  0.18750000E-02  0.99960038E+00  0.99955391E+00  0.24993104E+01
    149  0.18750000E-02  0.99984381E+00  0.99987759E+00  0.24996150E+01
    150  0.18750000E-02  0.10000430E+01  0.10001411E+01  0.24998659E+01
    151  0.18750000E-02  0.10002042E+01  0.10003534E+01  0.25000704E+01
    152  0.18750000E-02  0.10003334E+01  0.10005226E+01  0.25002352E+01
    153  0.18750000E-02  0.10004356E+01  0.10006559E+01  0.25003664E+01
    154  0.18750000E-02  0.10005153E+01  0.10007595E+01  0.25004695E+01
    155  0.18750000E-02  0.10005765E+01  0.10008387E+01  0.25005490E+01
    156  0.18750000E-02  0.10006225E+01  0.10008979E+01  0.25006091E+01
    157  0.18750000E-02  0.10006559E+01  0.10009408E+01  0.25006530E+01
    158  0.18750000E-02  0.10006789E+01  0.10009702E+01  0.25006835E+01
    159  0.18750000E-02  0.10006930E+01  0.10009881E+01  0.25007024E+01
    160  0.18750000E-02  0.10006992E+01  0.10009959E+01  0.25007112E+01
    161  0.18750000E-02  0.10006982E+01  0.10009943E+01  0.25007106E+01
    162  0.18750000E-02  0.10006900E+01  0.10009835E+01  0.25007007E+01
    163  0.18750000E-02  0.10006743E+01  0.10009630E+01  0.25006810E+01
    164  0.18750000E-02  0.10006503E+01  0.10009316E+01  0.25006505E+01
    165  0.18750000E-02  0.10006165E+01  0.10008877E+01  0.25006074E+01
    166  0.18750000E-02  0.10005711E+01  0.10008287E+01  0.25005494E+01
    167  0.18750000E-02  0.10005117E+01  0.10007514E+01  0.25004735E+01
    168  0.18750000E-02  0.10004353E+01  0.10006518E+01  0.25003759E+01
    169  0.18750000E-02  0.10003383E+01  0.10005249E+01  0.25002524E+01
    170  0.18750000E-02  0.10002165E+01  0.10003650E+01  0.25000979E+01
    171  0.18750000E-02  0.10000650E+01  0.10001654E+01  0.24999066E+01
    172  0.18750000E-02  0.99987852E+00  0.99991848E+00  0.24996723E+01
    173  0.18750000E-02  0.99965092E+00  0.99961584E+00  0.24993881E+01
    174  0.18750000E-02  0.99937575E+00  0.99924830E+00  0.24990465E+01
    175  0.18750000E-02  0.99904599E+00  0.99880596E+00  0.24986398E+01
    176  0.18750000E-02  0.99865421E+00  0.99827831E+00  0.24981598E+01
    177  0.18750000E-02  0.99819262E+00  0.99765430E+00  0.24975978E+01
    178  0.18750000E-02  0.99765309E+00  0.99692241E+00  0.24969450E+01
    179  0.18750000E-02  0.99702724E+00  0.99607076E+00  0.24961926E+01
    180  0.18750000E-02  0.99630647E+00  0.99508714E+00  0.24953314E+01
    181  0.18750000E-02  0.99548200E+00  0.99395911E+00  0.24943523E+01
    182  0.18750000E-02  0.99454494E+00  0.99267408E+00  0.24932459E+01
    183  0.18750000E-02  0.99348637E+00  0.99121942E+00  0.24920031E+01
    184  0.18750000E-02  0.99229743E+00  0.98958262E+00  0.24906150E+01
    185  0.18750000E-02  0.99096941E+00  0.98775143E+00  0.24890726E+01
    186  0.18750000E-02  0.98949393E+00  0.98571412E+00  0.24873678E+01
    187  0.18750000E-02  0.98786312E+00  0.98345971E+00  0.24854927E+01
    188  0.18750000E-02  0.98606971E+00  0.98097820E+00  0.24834402E+01
    189  0.18750000E-02  0.98410721E+00  0.97826077E+00  0.24812041E+01
    190  0.18750000E-02  0.98197007E+00  0.97530003E+00  0.24787794E+01
    191  0.18750000E-02  0.97965369E+00  0.97209006E+00  0.24761618E+01
    192  0.18750000E-02  0.97715438E+00  0.96862630E+00  0.24733483E+01
    193  0.18750000E-02  0.97446942E+00  0.96490570E+00  0.24703368E+01
    194  0.18750000E-02  0.97159692E+00  0.96092648E+00  0.24671261E+01
    195  0.18750000E-02  0.96853564E+00  0.95668786E+00  0.24637155E+01
    196  0.18750000E-02  0.96528498E+00  0.95219003E+00  0.24601049E+01
    197  0.18750000E-02  0.96184502E+00  0.94743422E+00  0.24562952E+01
    198  0.18750000E-02  0.95821642E+00  0.94242249E+00  0.24522870E+01
    199  0.18750000E-02  0.95440035E+00  0.93715779E+00  0.24480813E+01
    200  0.18750000E-02  0.95039885E+00  0.93164450E+00  0.24436802E+01
    201  0.18750000E-02  0.94621495E+00  0.92588827E+00  0.24390859E+01
    202  0.18750000E-02  0.94185260E+00  0.91989618E+00  0.24343020E+01
    203  0.18750000E-02  0.93731700E+00  0.91367713E+00  0.24293331E+01
    204  0.18750000E-02  0.93261480E+00  0.90724195E+00  0.24241852E+01
    205  0.18750000E-02  0.92775368E+00  0.90060293E+00  0.24188657E+01
    206  0.18750000E-02  0.92274208E+00  0.89377334E+00  0.24133833E+01
    207  0.18750000E-02  0.91758940E+00  0.88676748E+00  0.24077471E+01
    208  0.18750000E-02  0.91230500E+00  0.87959949E+00  0.24019673E+01
    209  0.18750000E-02  0.90689810E+00  0.87228304E+00  0.23960539E+01
    210  0.18750000E-02  0.90137764E+00  0.86483097E+00  0.23900159E+01
    211  0.18750000E-02  0.89575159E+00  0.85725516E+00  0.23838615E+01
    212  0.18750000E-02  0.89002741E+00  0.84956672E+00  0.23775981E+01
    213  0.18750000E-02  0.88421222E+00  0.84177594E+00  0.23712312E+01
    214  0.18750000E-02  0.87831244E+00  0.83389283E+00  0.23647664E+01
    215  0.18750000E-02  0.87233602E+00  0.82592920E+00  0.23582098E+01
    216  0.18750000E-02  0.86629140E+00  0.81789767E+00  0.23515671E+01
    217  0.18750000E-02  0.86018692E+00  0.80981146E+00  0.23448450E+01
    218  0.18750000E-02  0.85403344E+00  0.80168654E+00  0.23380515E+01
    219  0.18750000E-02  0.84784124E+00  0.79353809E+00  0.23311950E+01
    220  0.18750000E-02  0.84161923E+00  0.78537931E+00  0.23242834E+01
    221  0.18750000E-02  0.83537632E+00  0.77722244E+00  0.23173235E+01
    222  0.18750000E-02  0.82911716E+00  0.76907435E+00  0.23103195E+01
    223  0.18750000E-02  0.82284384E+00  0.76093730E+00  0.23032729E+01
    224  0.18750000E-02  0.81655488E+00  0.75280837E+00  0.22961807E+01
    225  0.18750000E-02  0.81024405E+00  0.74467867E+00  0.22890353E+01
    226  0.18750000E-02  0.80390457E+00  0.73653819E+00  0.22818271E+01
    227  0.18750000E-02  0.79752615E+00  0.72837293E+00  0.22745425E+01
    228  0.18750000E-02  0.79109923E+00  0.72017006E+00  0.22671680E+01
    229  0.18750000E-02  0.78461822E+00  0.71192224E+00  0.22596944E+01
    230  0.18750000E-02  0.77807955E+00  0.70362524E+00  0.22521151E+01
    231  0.18750000E-02  0.77148665E+00  0.69528420E+00  0.22444307E+01
    232  0.18750000E-02  0.76484803E+00  0.68691175E+00  0.22366507E+01
    233  0.18750000E-02  0.75817714E+00  0.67852617E+00  0.22287899E+01
    234  0.18750000E-02  0.75149149E+00  0.67015129E+00  0.22208713E+01
    235  0.18750000E-02  0.74480923E+00  0.66181114E+00  0.22129189E+01
    236  0.18750000E-02  0.73814613E+00  0.65352698E+00  0.22049562E+01
    237  0.18750000E-02  0.73151541E+00  0.64531586E+00  0.21970018E+01
    238  0.18750000E-02  0.72491934E+00  0.63718113E+00  0.21890617E+01
    239  0.18750000E-02  0.71835485E+00  0.62911869E+00  0.21811337E+01
    240  0.18750000E-02  0.71181321E+00  0.62111615E+00  0.21732040E+01
    241  0.18750000E-02  0.70527432E+00  0.61314819E+00  0.21652456E+01
    242  0.18750000E-02  0.69872343E+00  0.60519483E+00  0.21572315E+01
    243  0.18750000E-02  0.69213981E+00  0.59722991E+00  0.21491271E+01
    244  0.18750000E-02  0.68551030E+00  0.58923762E+00  0.21409078E+01
    245  0.18750000E-02  0.67883055E+00  0.58121277E+00  0.21325577E+01
    246  0.18750000E-02  0.67209865E+00  0.57315509E+00  0.21240705E+01
    247  0.18750000E-02  0.66532699E+00  0.56508166E+00  0.21154604E+01
    248  0.18750000E-02  0.65853709E+00  0.55701926E+00  0.21067537E+01
    249  0.18750000E-02  0.65174486E+00  0.54898921E+00  0.20979835E+01
    250  0.18750000E-02  0.64498122E+00  0.54102727E+00  0.20891981E+01
    251  0.18750000E-02  0.63826685E+00  0.53315686E+00  0.20804368E+01
    252  0.18750000E-02  0.63161352E+00  0.52539133E+00  0.20717323E+01
    253  0.18750000E-02  0.62503967E+00  0.51774813E+00  0.20631145E+01
    254  0.18750000E-02  0.61853603E+00  0.51021572E+00  0.20545865E+01
    255  0.18750000E-02  0.61211010E+00  0.50280013E+00  0.20461570E+01
    256  0.18750000E-02  0.60575611E+00  0.49549413E+00  0.20378161E+01
    257  0.18750000E-02  0.59947529E+00  0.48829938E+00  0.20295564E+01
    258  0.18750000E-02  0.59327833E+00  0.48122815E+00  0.20213772E+01
    259  0.18750000E-02  0.58718151E+00  0.47429936E+00  0.20132880E+01
    260  0.18750000E-02  0.58121489E+00  0.46754720E+00  0.20053213E+01
    261  0.18750000E-02  0.57542311E+00  0.46102151E+00  0.19975344E+01
    262  0.18750000E-02  0.56986025E+00  0.45478173E+00  0.19900097E+01
    263  0.18750000E-02  0.56458176E+00  0.44888739E+00  0.19828458E+01
    264  0.18750000E-02  0.55964871E+00  0.44340096E+00  0.19761520E+01
    265  0.18750000E-02  0.55509995E+00  0.43836031E+00  0.19700199E+01
    266  0.18750000E-02  0.55097286E+00  0.43379894E+00  0.19645311E+01
    267  0.18750000E-02  0.54729394E+00  0.42973950E+00  0.19597502E+01
    268  0.18750000E-02  0.54409103E+00  0.42620799E+00  0.19557350E+01
    269  0.18750000E-02  0.54140141E+00  0.42324290E+00  0.19525369E+01
    270  0.18750000E-02  0.53925127E+00  0.42087569E+00  0.19501799E+01
    271  0.18750000E-02  0.53765378E+00  0.41912521E+00  0.19486412E+01
    272  0.18750000E-02  0.53658643E+00  0.41797126E+00  0.19478299E+01
    273  0.18750000E-02  0.53600084E+00  0.41736250E+00  0.19476123E+01
    274  0.18750000E-02  0.53584103E+00  0.41723493E+00  0.19478656E+01
    275  0.18750000E-02  0.53605623E+00  0.41752311E+00  0.19484932E+01
    276  0.18750000E-02  0.53659893E+00  0.41817182E+00  0.19494597E+01
    277  0.18750000E-02  0.53739132E+00  0.41908602E+00  0.19506643E+01
    278  0.18750000E-02  0.53831856E+00  0.42014198E+00  0.19520054E+01
    279  0.18750000E-02  0.53924439E+00  0.42118810E+00  0.19533167E+01
    280  0.18750000E-02  0.54007080E+00  0.42211556E+00  0.19544704E+01
    281  0.18750000E-02  0.54076677E+00  0.42289662E+00  0.19554568E+01
    282  0.18750000E-02  0.54135099E+00  0.42354551E+00  0.19562727E+01
    283  0.18750000E-02  0.54186015E+00  0.42410616E+00  0.19569810E+01
    284  0.18750000E-02  0.54230769E+00  0.42458845E+00  0.19575699E+01
    285  0.18750000E-02  0.54267651E+00  0.42497759E+00  0.19580249E+01
    286  0.18750000E-02  0.54295067E+00  0.42526008E+00  0.19583342E+01
    287  0.18750000E-02  0.54315211E+00  0.42546686E+00  0.19585557E+01
    288  0.18750000E-02  0.54331966E+00  0.42564563E+00  0.19587646E+01
    289  0.18750000E-02  0.54349453E+00  0.42583894E+00  0.19590055E+01
    290  0.18750000E-02  0.54368952E+00  0.42605747E+00  0.19592815E+01
    291  0.18750000E-02  0.54388028E+00  0.42626978E+00  0.19595393E+01
    292  0.18750000E-02  0.54404183E+00  0.42645124E+00  0.19597608E+01
    293  0.18750000E-02  0.54417418E+00  0.42659947E+00  0.19599391E+01
    294  0.18750000E-02  0.54429382E+00  0.42673798E+00  0.19601261E+01
    295  0.18750000E-02  0.54440883E+00  0.42686885E+00  0.19603032E+01
    296  0.18750000E-02  0.54451363E+00  0.42699284E+00  0.19604928E+01
    297  0.18750000E-02  0.54459494E+00  0.42710300E+00  0.19607091E+01
    298  0.18750000E-02  0.54465230E+00  0.42720928E+00  0.19609970E+01
    299  0.18750000E-02  0.54471148E+00  0.42732900E+00  0.19613407E+01
    300  0.18750000E-02  0.54480728E+00  0.42747589E+00  0.19616752E+01
    301  0.18750000E-02  0.54494656E+00  0.42762271E+00  0.19618494E+01
    302  0.18750000E-02  0.54512637E+00  0.42772910E+00  0.19616874E+01
    303  0.18750000E-02  0.54533516E+00  0.42779810E+00  0.19612452E+01
    304  0.18750000E-02  0.54556624E+00  0.42782461E+00  0.19605260E+01
    305  0.18750000E-02  0.54582806E+00  0.42777383E+00  0.19593428E+01
    306  0.18750000E-02  0.54606537E+00  0.42760330E+00  0.19577024E+01
    307  0.18750000E-02  0.54613985E+00  0.42713614E+00  0.19552945E+01
    308  0.18750000E-02  0.54591865E+00  0.42629973E+00  0.19522602E+01
    309  0.18750000E-02  0.54530889E+00  0.42519883E+00  0.19494020E+01
    310  0.18750000E-02  0.54402518E+00  0.42390121E+00  0.19480479E+01
    311  0.18750000E-02  0.54183153E+00  0.42242460E+00  0.19491302E+01
    312  0.18750000E-02  0.53865249E+00  0.42095439E+00  0.19538124E+01
    313  0.18750000E-02  0.53425007E+00  0.41961293E+00  0.19636310E+01
    314  0.18750000E-02  0.52795004E+00  0.41802592E+00  0.19795326E+01
    315  0.18750000E-02  0.51983332E+00  0.41715320E+00  0.20062141E+01
    316  0.18750000E-02  0.51107077E+00  0.41889640E+00  0.20491047E+01
    317  0.18750000E-02  0.50035528E+00  0.42206737E+00  0.21087984E+01
    318  0.18750000E-02  0.48952573E+00  0.42885197E+00  0.21900900E+01
    319  0.18750000E-02  0.47935732E+00  0.44116989E+00  0.23008147E+01
    320  0.18750000E-02  0.47088255E+00  0.45766245E+00  0.24298439E+01
    321  0.18750000E-02  0.46319270E+00  0.40957891E+00  0.22107352E+01
    322  0.18750000E-02  0.45726374E+00  0.44307955E+00  0.24226262E+01
    323  0.18750000E-02  0.45374016E+00  0.44154109E+00  0.24329852E+01
    324  0.18750000E-02  0.45139740E+00  0.43405012E+00  0.24040988E+01
    325  0.18750000E-02  0.45031026E+00  0.43125665E+00  0.23943203E+01
    326  0.18750000E-02  0.45026963E+00  0.43011154E+00  0.23880949E+01
    327  0.18750000E-02  0.45070119E+00  0.42923647E+00  0.23808895E+01
    328  0.18750000E-02  0.45137067E+00  0.42894395E+00  0.23757085E+01
    329  0.18750000E-02  0.45205061E+00  0.42906213E+00  0.23728037E+01
    330  0.18750000E-02  0.45268313E+00  0.42906983E+00  0.23695768E+01
    331  0.18750000E-02  0.45322313E+00  0.42916018E+00  0.23673116E+01
    332  0.18750000E-02  0.45360729E+00  0.42898303E+00  0.23643938E+01
    333  0.18750000E-02  0.45388664E+00  0.42889138E+00  0.23624885E+01
    334  0.18750000E-02  0.45412005E+00  0.42871687E+00  0.23603390E+01
    335  0.18750000E-02  0.45435136E+00  0.42864415E+00  0.23587278E+01
    336  0.18750000E-02  0.45458831E+00  0.42859757E+00  0.23571990E+01
    337  0.18750000E-02  0.45480935E+00  0.42858194E+00  0.23559053E+01
    338  0.18750000E-02  0.45503867E+00  0.42863502E+00  0.23549530E+01
    339  0.18750000E-02  0.45525644E+00  0.42870384E+00  0.23541754E+01
    340  0.18750000E-02  0.45540717E+00  0.42871090E+00  0.23534547E+01
    341  0.18750000E-02  0.45541317E+00  0.42852304E+00  0.23524769E+01
    342  0.18750000E-02  0.45525432E+00  0.42814175E+00  0.23513524E+01
    343  0.18750000E-02  0.45497686E+00  0.42760536E+00  0.23500220E+01
    344  0.18750000E-02  0.45465786E+00  0.42701697E+00  0.23485898E+01
    345  0.18750000E-02  0.45437477E+00  0.42649010E+00  0.23471912E+01
    346  0.18750000E-02  0.45419296E+00  0.42614059E+00  0.23460735E+01
    347  0.18750000E-02  0.45412739E+00  0.42600697E+00  0.23453675E+01
    348  0.18750000E-02  0.45407426E+00  0.42595345E+00  0.23449805E+01
    349  0.18750000E-02  0.45375645E+00  0.42561966E+00  0.23445669E+01
    350  0.18750000E-02  0.45270862E+00  0.42438667E+00  0.23433584E+01
    351  0.18750000E-02  0.45031711E+00  0.42140889E+00  0.23401415E+01
    352  0.18750000E-02  0.44589583E+00  0.41576457E+00  0.23333226E+01
    353  0.18750000E-02  0.43876107E+00  0.40652641E+00  0.23211487E+01
    354  0.18750000E-02  0.42828139E+00  0.39280988E+00  0.23016131E+01
    355  0.18750000E-02  0.41395345E+00  0.37401659E+00  0.22726101E+01
    356  0.18750000E-02  0.39582137E+00  0.35036400E+00  0.22326037E+01
    357  0.18750000E-02  0.37414496E+00  0.32241079E+00  0.21810778E+01
    358  0.18750000E-02  0.34988550E+00  0.29172218E+00  0.21185283E+01
    359  0.18750000E-02  0.32492105E+00  0.26115675E+00  0.20481664E+01
    360  0.18750000E-02  0.30179056E+00  0.23399414E+00  0.19769779E+01
    361  0.18750000E-02  0.28270986E+00  0.21271290E+00  0.19134086E+01
    362  0.18750000E-02  0.26884021E+00  0.19802248E+00  0.18644513E+01
    363  0.18750000E-02  0.25990765E+00  0.18898627E+00  0.18318849E+01
    364  0.18750000E-02  0.25480411E+00  0.18400804E+00  0.18129476E+01
    365  0.18750000E-02  0.25218825E+00  0.18152559E+00  0.18031622E+01
    366  0.18750000E-02  0.25096791E+00  0.18039298E+00  0.17985586E+01
    367  0.18750000E-02  0.25041493E+00  0.17988939E+00  0.17964454E+01
    368  0.18750000E-02  0.25006920E+00  0.17957367E+00  0.17951297E+01
    369  0.18750000E-02  0.24960548E+00  0.17913381E+00  0.17934485E+01
    370  0.18750000E-02  0.24873781E+00  0.17828815E+00  0.17904404E+01
    371  0.18750000E-02  0.24718756E+00  0.17675694E+00  0.17852284E+01
    372  0.18750000E-02  0.24472350E+00  0.17430859E+00  0.17771367E+01
    373  0.18750000E-02  0.24121514E+00  0.17081819E+00  0.17658459E+01
    374  0.18750000E-02  0.23667236E+00  0.16631156E+00  0.17514616E+01
    375  0.18750000E-02  0.23130432E+00  0.16102297E+00  0.17346688E+01
    376  0.18750000E-02  0.22547458E+00  0.15533562E+00  0.17166319E+01
    377  0.18750000E-02  0.21948702E+00  0.14955930E+00  0.16982243E+01
    378  0.18750000E-02  0.21363297E+00  0.14398433E+00  0.16801887E+01
    379  0.18750000E-02  0.20825843E+00  0.13893521E+00  0.16635892E+01
    380  0.18750000E-02  0.20330593E+00  0.13433241E+00  0.16482048E+01
    381  0.18750000E-02  0.19852825E+00  0.12994039E+00  0.16329516E+01
    382  0.18750000E-02  0.19381394E+00  0.12567333E+00  0.16171349E+01
    383  0.18750000E-02  0.18833969E+00  0.12077375E+00  0.15979615E+01
    384  0.18750000E-02  0.18030711E+00  0.11362459E+00  0.15685595E+01
    385  0.18750000E-02  0.16964592E+00  0.10431153E+00  0.15281359E+01
    386  0.18750000E-02  0.15770633E+00  0.94152175E-01  0.14828518E+01
    387  0.18750000E-02  0.14463296E+00  0.83345627E-01  0.14327753E+01
    388  0.18750000E-02  0.13071749E+00  0.72402234E-01  0.13734122E+01
    389  0.18750000E-02  0.11354796E+00  0.59418492E-01  0.12946850E+01
    390  0.18750000E-02  0.97153364E-01  0.47693952E-01  0.12200123E+01
    391  0.18750000E-02  0.88334035E-01  0.41772017E-01  0.11801389E+01
    392  0.18750000E-02  0.85292420E-01  0.39810392E-01  0.11660825E+01
    393  0.18750000E-02  0.84145516E-01  0.39074343E-01  0.11606164E+01
    394  0.18750000E-02  0.83615536E-01  0.38737030E-01  0.11580943E+01
    395  0.18750000E-02  0.83446107E-01  0.38628997E-01  0.11572609E+01
    396  0.18750000E-02  0.83386083E-01  0.38602760E-01  0.11573404E+01
    397  0.18750000E-02  0.83361033E-01  0.38446250E-01  0.11529846E+01
    398  0.18750000E-02  0.83333336E-01  0.38251999E-01  0.11475600E+01
    399  0.18750000E-02  0.83333336E-01  0.39585226E-01  0.11875568E+01
    400  0.18750000E-02  0.83333336E-01  0.47363318E-01  0.14208996E+01
