      1  -.11931159E+01  -.31894935E+01
      2  -.10679983E+01  -.26777054E+01
      3  -.10354698E+01  -.25938674E+01
      4  -.10071208E+01  -.25857820E+01
      5  -.97970663E+00  -.25834394E+01
      6  -.95361901E+00  -.25551198E+01
      7  -.92762355E+00  -.25374067E+01
      8  -.90197903E+00  -.24917610E+01
      9  -.87769239E+00  -.24087707E+01
     10  -.85612811E+00  -.22364718E+01
     11  -.83858225E+00  -.20411391E+01
     12  -.82431518E+00  -.19204758E+01
     13  -.81156068E+00  -.18302902E+01
     14  -.79983363E+00  -.17552278E+01
     15  -.78897333E+00  -.17054432E+01
     16  -.77874477E+00  -.16761025E+01
     17  -.76900246E+00  -.16547194E+01
     18  -.75958428E+00  -.16297158E+01
     19  -.75047392E+00  -.15970290E+01
     20  -.74160488E+00  -.15590133E+01
     21  -.73305044E+00  -.15193454E+01
     22  -.72483257E+00  -.14802616E+01
     23  -.71695214E+00  -.14436723E+01
     24  -.70936801E+00  -.14089219E+01
     25  -.70208817E+00  -.13767114E+01
     26  -.69508161E+00  -.13461699E+01
     27  -.68833541E+00  -.13163709E+01
     28  -.68180786E+00  -.12869902E+01
     29  -.67546889E+00  -.12586747E+01
     30  -.66930007E+00  -.12328878E+01
     31  -.66327489E+00  -.12097907E+01
     32  -.65738191E+00  -.11888572E+01
     33  -.65161508E+00  -.11687430E+01
     34  -.64597545E+00  -.11488061E+01
     35  -.64046554E+00  -.11281524E+01
     36  -.63508576E+00  -.11069646E+01
     37  -.62982985E+00  -.10846093E+01
     38  -.62469058E+00  -.10616954E+01
     39  -.61967036E+00  -.10385480E+01
     40  -.61475424E+00  -.10157925E+01
     41  -.60994667E+00  -.99354555E+00
     42  -.60523432E+00  -.97227330E+00
     43  -.60062003E+00  -.95198212E+00
     44  -.59609312E+00  -.93319830E+00
     45  -.59165465E+00  -.91569034E+00
     46  -.58729561E+00  -.89905094E+00
     47  -.58301532E+00  -.88326389E+00
     48  -.57880830E+00  -.86755200E+00
     49  -.57466981E+00  -.85183341E+00
     50  -.57059497E+00  -.83576610E+00
     51  -.56658356E+00  -.81919464E+00
     52  -.56262917E+00  -.80236098E+00
     53  -.55873666E+00  -.78530830E+00
     54  -.55490238E+00  -.76833746E+00
     55  -.55112530E+00  -.75170977E+00
     56  -.54740786E+00  -.73558274E+00
     57  -.54374765E+00  -.72012818E+00
     58  -.54014186E+00  -.70528791E+00
     59  -.53659276E+00  -.69095515E+00
     60  -.53309138E+00  -.67700280E+00
     61  -.52964248E+00  -.66337257E+00
     62  -.52623751E+00  -.64989489E+00
     63  -.52287694E+00  -.63656189E+00
     64  -.51955787E+00  -.62329070E+00
     65  -.51627791E+00  -.61007630E+00
     66  -.51303596E+00  -.59687701E+00
     67  -.50983214E+00  -.58375948E+00
     68  -.50666518E+00  -.57071482E+00
     69  -.50353446E+00  -.55777751E+00
     70  -.50044199E+00  -.54499655E+00
     71  -.49738399E+00  -.53239304E+00
     72  -.49436400E+00  -.52001376E+00
     73  -.49137992E+00  -.50784717E+00
     74  -.48842941E+00  -.49586762E+00
     75  -.48551514E+00  -.48412350E+00
     76  -.48263076E+00  -.47249654E+00
     77  -.47977803E+00  -.46098982E+00
     78  -.47695472E+00  -.44956916E+00
     79  -.47415874E+00  -.43826823E+00
     80  -.47139092E+00  -.42709599E+00
     81  -.46865005E+00  -.41609621E+00
     82  -.46593473E+00  -.40525301E+00
     83  -.46324628E+00  -.39461330E+00
     84  -.46058290E+00  -.38413107E+00
     85  -.45794501E+00  -.37378952E+00
     86  -.45533234E+00  -.36354391E+00
     87  -.45274362E+00  -.35332673E+00
     88  -.45017987E+00  -.34316365E+00
     89  -.44763959E+00  -.33301951E+00
     90  -.44512243E+00  -.32292570E+00
     91  -.44262821E+00  -.31289497E+00
     92  -.44015582E+00  -.30295085E+00
     93  -.43770460E+00  -.29313000E+00
     94  -.43527410E+00  -.28345087E+00
     95  -.43286370E+00  -.27391443E+00
     96  -.43047317E+00  -.26452876E+00
     97  -.42810197E+00  -.25530331E+00
     98  -.42574991E+00  -.24623242E+00
     99  -.42341712E+00  -.23733058E+00
    100  -.42110268E+00  -.22855829E+00
    101  -.41880650E+00  -.21989990E+00
    102  -.41652828E+00  -.21134458E+00
    103  -.41426724E+00  -.20284280E+00
    104  -.41202327E+00  -.19439989E+00
    105  -.40979566E+00  -.18598769E+00
    106  -.40758415E+00  -.17760284E+00
    107  -.40538857E+00  -.16928107E+00
    108  -.40320827E+00  -.16103514E+00
    109  -.40104329E+00  -.15290470E+00
    110  -.39889336E+00  -.14492334E+00
    111  -.39675803E+00  -.13710222E+00
    112  -.39463727E+00  -.12947412E+00
    113  -.39253074E+00  -.12204732E+00
    114  -.39043804E+00  -.11482229E+00
    115  -.38835887E+00  -.10780164E+00
    116  -.38629270E+00  -.10097218E+00
    117  -.38423909E+00  -.94336716E-01
    118  -.38219753E+00  -.87901918E-01
    119  -.38016746E+00  -.81672120E-01
    120  -.37814842E+00  -.75659200E-01
    121  -.37613996E+00  -.69875474E-01
    122  -.37414156E+00  -.64327698E-01
    123  -.37215284E+00  -.59028248E-01
    124  -.37017346E+00  -.53986127E-01
    125  -.36820294E+00  -.49201238E-01
    126  -.36624088E+00  -.44677243E-01
    127  -.36428689E+00  -.40414099E-01
    128  -.36234049E+00  -.36404452E-01
    129  -.36040118E+00  -.32645677E-01
    130  -.35846851E+00  -.29135402E-01
    131  -.35654202E+00  -.25870743E-01
    132  -.35462122E+00  -.22847586E-01
    133  -.35270569E+00  -.20062108E-01
    134  -.35079502E+00  -.17510199E-01
    135  -.34888882E+00  -.15185567E-01
    136  -.34698670E+00  -.13081166E-01
    137  -.34508832E+00  -.11188512E-01
    138  -.34319333E+00  -.94973851E-02
    139  -.34130138E+00  -.79960965E-02
    140  -.33941217E+00  -.66726327E-02
    141  -.33752537E+00  -.55138451E-02
    142  -.33564070E+00  -.45068578E-02
    143  -.33375789E+00  -.36389003E-02
    144  -.33187671E+00  -.28974974E-02
    145  -.32999691E+00  -.22705343E-02
    146  -.32811831E+00  -.17468775E-02
    147  -.32624072E+00  -.13152139E-02
    148  -.32436399E+00  -.96459074E-03
    149  -.32248796E+00  -.68518672E-03
    150  -.32061253E+00  -.46752243E-03
    151  -.31873755E+00  -.30064257E-03
    152  -.31686295E+00  -.17570967E-03
    153  -.31498863E+00  -.85983577E-04
    154  -.31311454E+00  -.24296748E-04
    155  -.31124061E+00  0.16215933E-04
    156  -.30936681E+00  0.41887578E-04
    157  -.30749309E+00  0.57042020E-04
    158  -.30561944E+00  0.65566047E-04
    159  -.30374582E+00  0.69969102E-04
    160  -.30187222E+00  0.72202635E-04
    161  -.29999862E+00  0.73672656E-04
    162  -.29812502E+00  0.75535996E-04
    163  -.29625139E+00  0.78877035E-04
    164  -.29437772E+00  0.85454572E-04
    165  -.29250400E+00  0.97673236E-04
    166  -.29063019E+00  0.11868568E-03
    167  -.28875626E+00  0.15280756E-03
    168  -.28688218E+00  0.20529156E-03
    169  -.28500789E+00  0.28302452E-03
    170  -.28313333E+00  0.39318910E-03
    171  -.28125842E+00  0.54221680E-03
    172  -.27938309E+00  0.73787878E-03
    173  -.27750721E+00  0.99037488E-03
    174  -.27563067E+00  0.13091890E-02
    175  -.27375335E+00  0.17035184E-02
    176  -.27187508E+00  0.21834915E-02
    177  -.26999569E+00  0.27599357E-02
    178  -.26811501E+00  0.34435912E-02
    179  -.26623281E+00  0.42462530E-02
    180  -.26434887E+00  0.51799129E-02
    181  -.26246293E+00  0.62571308E-02
    182  -.26057472E+00  0.74905503E-02
    183  -.25868394E+00  0.88927594E-02
    184  -.25679031E+00  0.10475487E-01
    185  -.25489350E+00  0.12249891E-01
    186  -.25299319E+00  0.14225652E-01
    187  -.25108905E+00  0.16411104E-01
    188  -.24918071E+00  0.18813286E-01
    189  -.24726778E+00  0.21438895E-01
    190  -.24534987E+00  0.24292897E-01
    191  -.24342655E+00  0.27380522E-01
    192  -.24149733E+00  0.30707494E-01
    193  -.23956177E+00  0.34278249E-01
    194  -.23761944E+00  0.38096628E-01
    195  -.23566986E+00  0.42165794E-01
    196  -.23371260E+00  0.46488466E-01
    197  -.23174728E+00  0.51068188E-01
    198  -.22977355E+00  0.55900113E-01
    199  -.22779097E+00  0.60978764E-01
    200  -.22579915E+00  0.66298546E-01
    201  -.22379773E+00  0.71846336E-01
    202  -.22178621E+00  0.77612699E-01
    203  -.21976404E+00  0.83591952E-01
    204  -.21773078E+00  0.89774239E-01
    205  -.21568590E+00  0.96156739E-01
    206  -.21362881E+00  0.10274107E+00
    207  -.21155916E+00  0.10952389E+00
    208  -.20947655E+00  0.11650847E+00
    209  -.20738056E+00  0.12370530E+00
    210  -.20527098E+00  0.13110584E+00
    211  -.20314751E+00  0.13870301E+00
    212  -.20100990E+00  0.14647255E+00
    213  -.19885800E+00  0.15437715E+00
    214  -.19669127E+00  0.16239936E+00
    215  -.19450963E+00  0.17049561E+00
    216  -.19231280E+00  0.17863727E+00
    217  -.19010004E+00  0.18681851E+00
    218  -.18787136E+00  0.19501367E+00
    219  -.18562637E+00  0.20324743E+00
    220  -.18336429E+00  0.21155692E+00
    221  -.18108522E+00  0.21994739E+00
    222  -.17878849E+00  0.22847205E+00
    223  -.17647400E+00  0.23712945E+00
    224  -.17414163E+00  0.24593153E+00
    225  -.17179077E+00  0.25489480E+00
    226  -.16942184E+00  0.26398089E+00
    227  -.16703424E+00  0.27318913E+00
    228  -.16462749E+00  0.28249360E+00
    229  -.16220156E+00  0.29187217E+00
    230  -.15975527E+00  0.30134198E+00
    231  -.15728808E+00  0.31088547E+00
    232  -.15479921E+00  0.32050360E+00
    233  -.15228796E+00  0.33018165E+00
    234  -.14975384E+00  0.33993575E+00
    235  -.14719652E+00  0.34975671E+00
    236  -.14461546E+00  0.35967937E+00
    237  -.14201137E+00  0.36968546E+00
    238  -.13938335E+00  0.37979445E+00
    239  -.13673145E+00  0.39002269E+00
    240  -.13405644E+00  0.40034932E+00
    241  -.13135650E+00  0.41078586E+00
    242  -.12863317E+00  0.42124632E+00
    243  -.12588447E+00  0.43174675E+00
    244  -.12311003E+00  0.44225020E+00
    245  -.12030995E+00  0.45275615E+00
    246  -.11748136E+00  0.46328888E+00
    247  -.11462370E+00  0.47388880E+00
    248  -.11173710E+00  0.48459840E+00
    249  -.10881751E+00  0.49552093E+00
    250  -.10586706E+00  0.50667089E+00
    251  -.10288480E+00  0.51808818E+00
    252  -.99868876E-01  0.52975566E+00
    253  -.96824263E-01  0.54155376E+00
    254  -.93745597E-01  0.55342725E+00
    255  -.90637386E-01  0.56520827E+00
    256  -.87497896E-01  0.57678283E+00
    257  -.84327143E-01  0.58801190E+00
    258  -.81126319E-01  0.59883047E+00
    259  -.77894935E-01  0.60917736E+00
    260  -.74631894E-01  0.61907026E+00
    261  -.71337631E-01  0.62852469E+00
    262  -.68011894E-01  0.63764904E+00
    263  -.64652573E-01  0.64652621E+00
    264  -.61265076E-01  0.65519906E+00
    265  -.57847512E-01  0.66365307E+00
    266  -.54406236E-01  0.67174441E+00
    267  -.50946030E-01  0.67916354E+00
    268  -.47468429E-01  0.68557429E+00
    269  -.43979943E-01  0.69070258E+00
    270  -.40478633E-01  0.69435649E+00
    271  -.36970156E-01  0.69623604E+00
    272  -.33464882E-01  0.69609959E+00
    273  -.29966618E-01  0.69467144E+00
    274  -.26474653E-01  0.69285688E+00
    275  -.22988964E-01  0.69072130E+00
    276  -.19492420E-01  0.68837834E+00
    277  -.15997866E-01  0.68635656E+00
    278  -.12507488E-01  0.68485948E+00
    279  -.90371174E-02  0.68391684E+00
    280  -.55846006E-02  0.68333462E+00
    281  -.21315048E-02  0.68273232E+00
    282  0.13260056E-02  0.68197754E+00
    283  0.48048265E-02  0.68107417E+00
    284  0.82721557E-02  0.68026521E+00
    285  0.11716432E-01  0.67971725E+00
    286  0.15146663E-01  0.67934637E+00
    287  0.18585229E-01  0.67895631E+00
    288  0.22041217E-01  0.67845652E+00
    289  0.25509234E-01  0.67789426E+00
    290  0.28974811E-01  0.67745007E+00
    291  0.32405874E-01  0.67727443E+00
    292  0.35828427E-01  0.67722984E+00
    293  0.39263753E-01  0.67714295E+00
    294  0.42729850E-01  0.67695789E+00
    295  0.46195658E-01  0.67675220E+00
    296  0.49636748E-01  0.67661468E+00
    297  0.53057018E-01  0.67656078E+00
    298  0.56483578E-01  0.67649014E+00
    299  0.59930847E-01  0.67628160E+00
    300  0.63389003E-01  0.67601656E+00
    301  0.66844129E-01  0.67581699E+00
    302  0.70289683E-01  0.67573383E+00
    303  0.73709892E-01  0.67576894E+00
    304  0.77106623E-01  0.67567363E+00
    305  0.80556000E-01  0.67533730E+00
    306  0.84043269E-01  0.67514433E+00
    307  0.87508602E-01  0.67533586E+00
    308  0.90882800E-01  0.67526118E+00
    309  0.94219412E-01  0.67516596E+00
    310  0.97693206E-01  0.67513605E+00
    311  0.10122813E+00  0.67460708E+00
    312  0.10467622E+00  0.67404413E+00
    313  0.10799980E+00  0.67508604E+00
    314  0.11153686E+00  0.67472696E+00
    315  0.11519163E+00  0.67428605E+00
    316  0.11857174E+00  0.67454278E+00
    317  0.12238906E+00  0.67341681E+00
    318  0.12627099E+00  0.67443863E+00
    319  0.13016064E+00  0.67485835E+00
    320  0.13392910E+00  0.67624490E+00
    321  0.13813695E+00  0.67305005E+00
    322  0.14251544E+00  0.67383884E+00
    323  0.14631016E+00  0.67474423E+00
    324  0.15034466E+00  0.67360609E+00
    325  0.15495501E+00  0.67226843E+00
    326  0.15908643E+00  0.67277498E+00
    327  0.16298197E+00  0.67319284E+00
    328  0.16714592E+00  0.67391503E+00
    329  0.17152897E+00  0.67375211E+00
    330  0.17565429E+00  0.67345696E+00
    331  0.17964916E+00  0.67349255E+00
    332  0.18373649E+00  0.67345619E+00
    333  0.18801032E+00  0.67318780E+00
    334  0.19214341E+00  0.67268818E+00
    335  0.19620862E+00  0.67188282E+00
    336  0.20028524E+00  0.67152493E+00
    337  0.20447165E+00  0.67218637E+00
    338  0.20861836E+00  0.67203585E+00
    339  0.21271558E+00  0.67183356E+00
    340  0.21680357E+00  0.67181090E+00
    341  0.22093063E+00  0.67194044E+00
    342  0.22505642E+00  0.67176757E+00
    343  0.22916899E+00  0.67102936E+00
    344  0.23327777E+00  0.66986755E+00
    345  0.23739492E+00  0.66853559E+00
    346  0.24152461E+00  0.66728201E+00
    347  0.24565958E+00  0.66625524E+00
    348  0.24979004E+00  0.66615908E+00
    349  0.25391718E+00  0.66701460E+00
    350  0.25804295E+00  0.66794412E+00
    351  0.26216441E+00  0.66773260E+00
    352  0.26628563E+00  0.66561645E+00
    353  0.27041799E+00  0.65807641E+00
    354  0.27459028E+00  0.64509684E+00
    355  0.27882965E+00  0.61882118E+00
    356  0.28320332E+00  0.58361063E+00
    357  0.28775704E+00  0.52831418E+00
    358  0.29259267E+00  0.45768363E+00
    359  0.29778676E+00  0.36977654E+00
    360  0.30342554E+00  0.27620765E+00
    361  0.30953632E+00  0.18614030E+00
    362  0.31610022E+00  0.11220482E+00
    363  0.32303473E+00  0.60153924E-01
    364  0.33022902E+00  0.28456076E-01
    365  0.33758058E+00  0.11806116E-01
    366  0.34501423E+00  0.41338356E-02
    367  0.35248617E+00  0.11068779E-02
    368  0.35997537E+00  0.33257345E-03
    369  0.36747969E+00  0.14200863E-02
    370  0.37501098E+00  0.50761754E-02
    371  0.38258844E+00  0.12079917E-01
    372  0.39024453E+00  0.23462483E-01
    373  0.39802194E+00  0.40210187E-01
    374  0.40595318E+00  0.61837176E-01
    375  0.41407991E+00  0.87016900E-01
    376  0.42243492E+00  0.11519202E+00
    377  0.43100787E+00  0.14376828E+00
    378  0.43982031E+00  0.17024458E+00
    379  0.44887650E+00  0.19628852E+00
    380  0.45812674E+00  0.22020111E+00
    381  0.46759624E+00  0.24050810E+00
    382  0.47728335E+00  0.26023965E+00
    383  0.48725561E+00  0.28863026E+00
    384  0.49753665E+00  0.32485419E+00
    385  0.50857153E+00  0.37838337E+00
    386  0.52043490E+00  0.45690729E+00
    387  0.53326460E+00  0.53194121E+00
    388  0.54727778E+00  0.60678052E+00
    389  0.56329369E+00  0.77158829E+00
    390  0.58250031E+00  0.97434960E+00
    391  0.60478929E+00  0.11122450E+01
    392  0.62923760E+00  0.12043168E+01
    393  0.65488238E+00  0.12617994E+01
    394  0.68185464E+00  0.12879267E+01
    395  0.70964205E+00  0.13298434E+01
    396  0.73799173E+00  0.13187909E+01
    397  0.76649198E+00  0.13487128E+01
    398  0.79657495E+00  0.13607853E+01
    399  0.82773393E+00  0.13680136E+01
    400  0.86693439E+00  0.14079109E+01
